{
 "cells": [
  {
   "cell_type": "code",
   "execution_count": 1,
   "metadata": {},
   "outputs": [],
   "source": [
    "import pandas as pd\n",
    "import numpy as np\n",
    "import matplotlib.pyplot as plt\n",
    "\n",
    "import seaborn as sns\n",
    "from copy import deepcopy\n",
    "from math import log, exp, sqrt\n",
    "import sys\n",
    "import numpy as np\n",
    "from numpy import dot, zeros, eye\n",
    "import scipy.linalg as linalg\n",
    "from filterpy.stats import logpdf\n",
    "from filterpy.common import pretty_str, reshape_z\n",
    "import os, sys\n",
    "from filterpy.kalman import UnscentedKalmanFilter\n",
    "from filterpy.kalman import ExtendedKalmanFilter as EKF\n",
    "import pickle\n",
    "from copy import deepcopy"
   ]
  },
  {
   "cell_type": "code",
   "execution_count": 2,
   "metadata": {},
   "outputs": [],
   "source": [
    "with open('./data/NGSIM/US101_lane1_t30s30.pickle', 'rb') as f:\n",
    "    data = pickle.load(f)"
   ]
  },
  {
   "cell_type": "code",
   "execution_count": 3,
   "metadata": {},
   "outputs": [
    {
     "data": {
      "text/plain": [
       "{'para': {'alpha': 0.11038616513943347,\n",
       "  'lambda': 15.373076283260879,\n",
       "  'p': 0.1935617369507943,\n",
       "  'rho_max': 0.14919587873307358},\n",
       " 'qMat': array([[0.5       , 0.6       , 0.36666667, ..., 0.33333333, 0.36666667,\n",
       "         0.06666667],\n",
       "        [0.5       , 0.56666667, 0.4       , ..., 0.3       , 0.36666667,\n",
       "         0.1       ],\n",
       "        [0.46666667, 0.56666667, 0.36666667, ..., 0.3       , 0.36666667,\n",
       "         0.16666667],\n",
       "        ...,\n",
       "        [0.36666667, 0.43333333, 0.43333333, ..., 0.33333333, 0.46666667,\n",
       "         0.36666667],\n",
       "        [0.33333333, 0.43333333, 0.43333333, ..., 0.33333333, 0.43333333,\n",
       "         0.33333333],\n",
       "        [0.3       , 0.46666667, 0.36666667, ..., 0.43333333, 0.36666667,\n",
       "         0.33333333]]),\n",
       " 'rhoMat': array([[0.04572377, 0.05805528, 0.04772718, ..., 0.06945136, 0.06631546,\n",
       "         0.00862229],\n",
       "        [0.05073493, 0.05563693, 0.05107443, ..., 0.0762107 , 0.05753505,\n",
       "         0.01493613],\n",
       "        [0.04497876, 0.04975944, 0.04445347, ..., 0.06691567, 0.04664973,\n",
       "         0.0258164 ],\n",
       "        ...,\n",
       "        [0.01993601, 0.02420587, 0.02419697, ..., 0.02550277, 0.04064362,\n",
       "         0.07073123],\n",
       "        [0.01791055, 0.02418127, 0.02411583, ..., 0.02624096, 0.04674419,\n",
       "         0.07536718],\n",
       "        [0.01553082, 0.02544252, 0.01955014, ..., 0.03372579, 0.0459396 ,\n",
       "         0.062819  ]]),\n",
       " 's': [0.0,\n",
       "  29.62194824347826,\n",
       "  59.24389648695652,\n",
       "  88.86584473043479,\n",
       "  118.48779297391305,\n",
       "  148.1097412173913,\n",
       "  177.73168946086957,\n",
       "  207.35363770434782,\n",
       "  236.9755859478261,\n",
       "  266.59753419130436,\n",
       "  296.2194824347826,\n",
       "  325.84143067826085,\n",
       "  355.46337892173915,\n",
       "  385.0853271652174,\n",
       "  414.70727540869564,\n",
       "  444.32922365217394,\n",
       "  473.9511718956522,\n",
       "  503.5731201391304,\n",
       "  533.1950683826087,\n",
       "  562.8170166260869,\n",
       "  592.4389648695652,\n",
       "  622.0609131130435],\n",
       " 't': [30.13586956521739,\n",
       "  60.27173913043478,\n",
       "  90.40760869565217,\n",
       "  120.54347826086956,\n",
       "  150.67934782608694,\n",
       "  180.81521739130434,\n",
       "  210.95108695652175,\n",
       "  241.08695652173913,\n",
       "  271.2228260869565,\n",
       "  301.3586956521739,\n",
       "  331.4945652173913,\n",
       "  361.6304347826087,\n",
       "  391.76630434782606,\n",
       "  421.9021739130435,\n",
       "  452.0380434782609,\n",
       "  482.17391304347825,\n",
       "  512.3097826086956,\n",
       "  542.445652173913,\n",
       "  572.5815217391304,\n",
       "  602.7173913043478,\n",
       "  632.8532608695652,\n",
       "  662.9891304347826,\n",
       "  693.125,\n",
       "  723.2608695652174,\n",
       "  753.3967391304348,\n",
       "  783.5326086956521,\n",
       "  813.6684782608695,\n",
       "  843.804347826087,\n",
       "  873.9402173913044,\n",
       "  904.0760869565217,\n",
       "  934.2119565217391,\n",
       "  964.3478260869565,\n",
       "  994.4836956521739,\n",
       "  1024.6195652173913,\n",
       "  1054.7554347826087,\n",
       "  1084.891304347826,\n",
       "  1115.0271739130435,\n",
       "  1145.1630434782608,\n",
       "  1175.2989130434783,\n",
       "  1205.4347826086955,\n",
       "  1235.570652173913,\n",
       "  1265.7065217391305,\n",
       "  1295.8423913043478,\n",
       "  1325.9782608695652,\n",
       "  1356.1141304347825,\n",
       "  1386.25,\n",
       "  1416.3858695652173,\n",
       "  1446.5217391304348,\n",
       "  1476.6576086956522,\n",
       "  1506.7934782608695,\n",
       "  1536.929347826087,\n",
       "  1567.0652173913043,\n",
       "  1597.2010869565217,\n",
       "  1627.336956521739,\n",
       "  1657.4728260869565,\n",
       "  1687.608695652174,\n",
       "  1717.7445652173913,\n",
       "  1747.8804347826087,\n",
       "  1778.016304347826,\n",
       "  1808.1521739130435,\n",
       "  1838.2880434782608,\n",
       "  1868.4239130434783,\n",
       "  1898.5597826086955,\n",
       "  1928.695652173913,\n",
       "  1958.8315217391305,\n",
       "  1988.9673913043478,\n",
       "  2019.1032608695652,\n",
       "  2049.2391304347825,\n",
       "  2079.375,\n",
       "  2109.5108695652175,\n",
       "  2139.6467391304345,\n",
       "  2169.782608695652,\n",
       "  2199.9184782608695,\n",
       "  2230.054347826087,\n",
       "  2260.1902173913045,\n",
       "  2290.3260869565215,\n",
       "  2320.461956521739,\n",
       "  2350.5978260869565,\n",
       "  2380.733695652174,\n",
       "  2410.869565217391,\n",
       "  2441.0054347826085,\n",
       "  2471.141304347826,\n",
       "  2501.2771739130435,\n",
       "  2531.413043478261,\n",
       "  2561.548913043478,\n",
       "  2591.6847826086955,\n",
       "  2621.820652173913,\n",
       "  2651.9565217391305,\n",
       "  2682.092391304348],\n",
       " 'vMat': array([[10.93523163, 10.33497742,  7.68255501, ...,  4.79952205,\n",
       "          5.5291281 ,  7.73189368],\n",
       "        [ 9.85514292, 10.1850821 ,  7.83170781, ...,  3.93645505,\n",
       "          6.37292669,  6.69517659],\n",
       "        [10.37526863, 11.38812439,  8.24832551, ...,  4.48325507,\n",
       "          7.85999472,  6.45584471],\n",
       "        ...,\n",
       "        [18.39217908, 17.90199148, 17.90857655, ..., 13.07047311,\n",
       "         11.48191626,  5.18394302],\n",
       "        [18.61100091, 17.920208  , 17.96883549, ..., 12.70278539,\n",
       "          9.27031344,  4.42279138],\n",
       "        [19.3164355 , 18.34199548, 18.75519593, ..., 12.84872252,\n",
       "          7.98149439,  5.30624995]])}"
      ]
     },
     "execution_count": 3,
     "metadata": {},
     "output_type": "execute_result"
    }
   ],
   "source": [
    "data"
   ]
  },
  {
   "cell_type": "code",
   "execution_count": 16,
   "metadata": {},
   "outputs": [],
   "source": [
    "def b(x, **kw):\n",
    "    return x*kw['dx']*kw['dt']\n",
    "\n",
    "def a(x, **kw):\n",
    "    c = b(x, **kw)\n",
    "    return c"
   ]
  },
  {
   "cell_type": "code",
   "execution_count": 34,
   "metadata": {},
   "outputs": [
    {
     "data": {
      "text/plain": [
       "8"
      ]
     },
     "execution_count": 34,
     "metadata": {},
     "output_type": "execute_result"
    }
   ],
   "source": [
    "a(1, **{'dx':4, 'dt':2})"
   ]
  },
  {
   "cell_type": "code",
   "execution_count": 35,
   "metadata": {},
   "outputs": [
    {
     "ename": "SyntaxError",
     "evalue": "can't use starred expression here (<ipython-input-35-d4dab8b28e00>, line 2)",
     "output_type": "error",
     "traceback": [
      "\u001b[0;36m  File \u001b[0;32m\"<ipython-input-35-d4dab8b28e00>\"\u001b[0;36m, line \u001b[0;32m2\u001b[0m\n\u001b[0;31m    *a\u001b[0m\n\u001b[0m      ^\u001b[0m\n\u001b[0;31mSyntaxError\u001b[0m\u001b[0;31m:\u001b[0m can't use starred expression here\n"
     ]
    }
   ],
   "source": [
    "a = (1,2,3)\n"
   ]
  },
  {
   "cell_type": "markdown",
   "metadata": {},
   "source": [
    "# get parameter"
   ]
  },
  {
   "cell_type": "code",
   "execution_count": 18,
   "metadata": {},
   "outputs": [],
   "source": [
    "rho = data['rhoMat']"
   ]
  },
  {
   "cell_type": "code",
   "execution_count": 19,
   "metadata": {},
   "outputs": [
    {
     "name": "stdout",
     "output_type": "stream",
     "text": [
      "[0, 2, 4, 6, 8, 10, 12, 14, 16, 18, 20, 21]\n",
      "N:  22\n",
      "T:  89\n"
     ]
    }
   ],
   "source": [
    "# LF solver\n",
    "para = data['para']\n",
    "dt = data['t'][1] - data['t'][0]\n",
    "dx = data['s'][1] - data['s'][0]\n",
    "N = rho.shape[0]\n",
    "T = rho.shape[1]\n",
    "\n",
    "# loop index\n",
    "loops = [i for i in range(N) if i % 2 == 0]\n",
    "loops.append(21)\n",
    "print(loops)\n",
    "print('N: ', N)\n",
    "print('T: ', T)"
   ]
  },
  {
   "cell_type": "code",
   "execution_count": 20,
   "metadata": {},
   "outputs": [],
   "source": [
    "def g(x, para):\n",
    "    lamda = para['lambda']\n",
    "    p = para['p']\n",
    "    temp = 1+lamda**2*(x-p)**2\n",
    "    return np.sqrt(temp)\n",
    "def dg(x, para):\n",
    "    lamda = para['lambda']\n",
    "    p = para['p']\n",
    "    numer = lamda**2 * (x-p)\n",
    "    denum = g(x, para)\n",
    "    return numer/denum\n",
    "    \n",
    "def q_of(rho, para):\n",
    "    rho_max = para['rho_max']\n",
    "    alpha = para['alpha']\n",
    "    #\n",
    "    a = g(0, para)\n",
    "    b = g(1, para)\n",
    "    c = g(rho/rho_max, **para)\n",
    "    Q = alpha * (a + (b - a) * rho / rho_max - c)\n",
    "    \n",
    "    #a = np.sqrt(1 + (lamda * p) ** 2)\n",
    "    #b = np.sqrt(1 + (lamda * (1 - p)) ** 2)\n",
    "    #y = lamda * (rho / rho_max - p)\n",
    "    #Q = alpha * (a + (b - a) * rho / rho_max - np.sqrt(1 + y ** 2))\n",
    "    return Q\n",
    "\n",
    "def dq_of(rho, para):\n",
    "    rho_max = para['rho_max']\n",
    "    alpha = para['alpha']\n",
    "    \n",
    "    a = (g(1)-g(0))/rho_max\n",
    "    b = dg(rho/rho_max)/rho_max\n",
    "    \n",
    "    return alpha*(a-b)"
   ]
  },
  {
   "cell_type": "code",
   "execution_count": 21,
   "metadata": {},
   "outputs": [
    {
     "data": {
      "text/plain": [
       "{'alpha': 0.11038616513943347,\n",
       " 'lambda': 15.373076283260879,\n",
       " 'p': 0.1935617369507943,\n",
       " 'rho_max': 0.14919587873307358}"
      ]
     },
     "execution_count": 21,
     "metadata": {},
     "output_type": "execute_result"
    }
   ],
   "source": [
    "para"
   ]
  },
  {
   "cell_type": "code",
   "execution_count": 22,
   "metadata": {},
   "outputs": [
    {
     "ename": "TypeError",
     "evalue": "q_of() missing 1 required positional argument: 'para'",
     "output_type": "error",
     "traceback": [
      "\u001b[0;31m---------------------------------------------------------------------------\u001b[0m",
      "\u001b[0;31mTypeError\u001b[0m                                 Traceback (most recent call last)",
      "\u001b[0;32m<ipython-input-22-fe0ab1ffc774>\u001b[0m in \u001b[0;36m<module>\u001b[0;34m()\u001b[0m\n\u001b[1;32m      5\u001b[0m \u001b[0;34m\u001b[0m\u001b[0m\n\u001b[1;32m      6\u001b[0m \u001b[0mx\u001b[0m \u001b[0;34m=\u001b[0m \u001b[0mnp\u001b[0m\u001b[0;34m.\u001b[0m\u001b[0mlinspace\u001b[0m\u001b[0;34m(\u001b[0m\u001b[0;36m0\u001b[0m\u001b[0;34m,\u001b[0m\u001b[0;36m0.14\u001b[0m\u001b[0;34m,\u001b[0m\u001b[0;36m100\u001b[0m\u001b[0;34m)\u001b[0m\u001b[0;34m\u001b[0m\u001b[0m\n\u001b[0;32m----> 7\u001b[0;31m \u001b[0mplt\u001b[0m\u001b[0;34m.\u001b[0m\u001b[0mplot\u001b[0m\u001b[0;34m(\u001b[0m\u001b[0mx\u001b[0m\u001b[0;34m,\u001b[0m \u001b[0mlist\u001b[0m\u001b[0;34m(\u001b[0m\u001b[0mmap\u001b[0m\u001b[0;34m(\u001b[0m\u001b[0mq_of\u001b[0m\u001b[0;34m,\u001b[0m \u001b[0mx\u001b[0m\u001b[0;34m)\u001b[0m\u001b[0;34m)\u001b[0m\u001b[0;34m)\u001b[0m\u001b[0;34m\u001b[0m\u001b[0m\n\u001b[0m\u001b[1;32m      8\u001b[0m \u001b[0;34m\u001b[0m\u001b[0m\n\u001b[1;32m      9\u001b[0m \u001b[0max\u001b[0m \u001b[0;34m=\u001b[0m \u001b[0mplt\u001b[0m\u001b[0;34m.\u001b[0m\u001b[0mgca\u001b[0m\u001b[0;34m(\u001b[0m\u001b[0;34m)\u001b[0m\u001b[0;34m\u001b[0m\u001b[0m\n",
      "\u001b[0;31mTypeError\u001b[0m: q_of() missing 1 required positional argument: 'para'"
     ]
    }
   ],
   "source": [
    "# test the q and dq function:\n",
    "\n",
    "\n",
    "para = data['para']\n",
    "\n",
    "x = np.linspace(0,0.14,100)\n",
    "plt.plot(x, list(map(q_of, x)))\n",
    "\n",
    "ax = plt.gca()\n",
    "ax_2.tick_params(axis='y', labelcolor='b')\n",
    "\n",
    "ax_2 = ax.twinx()\n",
    "\n",
    "ax_2.plot(x, list(map(dq_of, x)), 'r')\n",
    "ax_2.tick_params(axis='y', labelcolor='r')\n",
    "\n",
    "# plt the numberical\n",
    "q = list(map(q_of, x))\n",
    "q = np.array(q)\n",
    "ax_2.plot(x[:-1], np.diff(q)/(x[1]-x[0]), '*r')"
   ]
  },
  {
   "cell_type": "code",
   "execution_count": 23,
   "metadata": {},
   "outputs": [],
   "source": [
    "# H\n",
    "\n",
    "def h_at(x):\n",
    "    return np.array([x[i] for i in loops])\n",
    "\n",
    "# lf\n",
    "\n",
    "def f_at(x):\n",
    "    x_l = np.zeros(x.shape)\n",
    "    x_l[0] = x[-1]\n",
    "    x_l[1:] = x[:-1]\n",
    "    \n",
    "    x_r = np.zeros(x.shape)\n",
    "    x_r[-1] = x[0]\n",
    "    x_r[:-1] = x[1:]\n",
    "    \n",
    "    #print('x:',x)\n",
    "    #print('x_l', x_l)\n",
    "    #print('x_r', x_r)\n",
    "    \n",
    "    q_l = np.array(list(map(q_of, x_l)))\n",
    "    q_r = np.array(list(map(q_of, x_r)))\n",
    "    \n",
    "    q_pred = (x_l+x_r)/2 - (dt/2/dx) * (q_r - q_l)\n",
    "    return q_pred"
   ]
  },
  {
   "cell_type": "code",
   "execution_count": 24,
   "metadata": {},
   "outputs": [],
   "source": [
    "def Hjacobian(x, *args):\n",
    "    H_jacobian = np.zeros( (len(loops),N) )\n",
    "    for i in range(len(loops)):\n",
    "        H_jacobian[i, loops[i]] = 1\n",
    "    return H_jacobian"
   ]
  },
  {
   "cell_type": "code",
   "execution_count": 25,
   "metadata": {},
   "outputs": [],
   "source": [
    "def partial_r(x_i):\n",
    "    return 1/2 + dt/dx/2*dq_of(x_i)\n",
    "def partial_l(x_i):\n",
    "    return 1/2 - dt/dx/2*dq_of(x_i)\n",
    "\n",
    "def Fjacobian(x):\n",
    "    F = np.zeros((len(x), len(x)))\n",
    "    F[0, 0] = partial_l(x[0])\n",
    "    F[0, 1] = partial_r(x[1])\n",
    "\n",
    "    F[-1, -1] = partial_r(x[-1])\n",
    "    F[-1, -2] = partial_l(x[-2])\n",
    "    for i in range(1, len(x) - 1):\n",
    "        F[i, i - 1] = partial_l(x[i - 1])\n",
    "        F[i, i + 1] = partial_r(x[i + 1])\n",
    "    return F"
   ]
  },
  {
   "cell_type": "code",
   "execution_count": 26,
   "metadata": {},
   "outputs": [],
   "source": [
    "def neibour_avg(x):\n",
    "    for i in range(1, len(x)-1):\n",
    "        x[i] = np.mean([x[i-1], x[i], x[i+1]])\n",
    "    return x"
   ]
  },
  {
   "cell_type": "code",
   "execution_count": 27,
   "metadata": {},
   "outputs": [],
   "source": [
    "class LWREKF(EKF):\n",
    "    def __init__(self, dim_x, dim_z, std_pred, std_update):\n",
    "        EKF.__init__(self, dim_x, dim_z)\n",
    "        self.std_pred = std_pred\n",
    "        self.std_update = std_update\n",
    "        self.Q = eye(dim_x)*std_pred\n",
    "        self.R = eye(dim_z)*std_update\n",
    "             \n",
    "    def predict_x(self, f_at):\n",
    "        self.x = f_at(self.x)\n",
    "        \n",
    "    def predict(self, FJacobian, f_at):\n",
    "        self.F = FJacobian(self.x)\n",
    "        self.predict_x(f_at)\n",
    "        \n",
    "        self.P = dot(self.F, self.P).dot(self.F.T) + self.Q\n",
    "        \n",
    "        # save prior\n",
    "        self.x_prior = np.copy(self.x)\n",
    "        self.P_prior = np.copy(self.P)\n",
    "        "
   ]
  },
  {
   "cell_type": "code",
   "execution_count": null,
   "metadata": {},
   "outputs": [],
   "source": []
  },
  {
   "cell_type": "code",
   "execution_count": 28,
   "metadata": {},
   "outputs": [
    {
     "data": {
      "text/plain": [
       "array([0.00043562, 0.00035794, 0.00027043, 0.00024948, 0.00019888,\n",
       "       0.00017898, 0.00018031, 0.0002393 , 0.00023132, 0.00019435,\n",
       "       0.00013608, 0.00012197, 0.00011857, 0.00012758, 0.00014517,\n",
       "       0.00018456, 0.0002252 , 0.00023183, 0.00025444, 0.00025617,\n",
       "       0.00022393, 0.00026164])"
      ]
     },
     "execution_count": 28,
     "metadata": {},
     "output_type": "execute_result"
    }
   ],
   "source": [
    "# the expectation of P\n",
    "VAR = []\n",
    "for t in range(rho.shape[1]):\n",
    "    rho_at_t = rho[:,t]\n",
    "    var = (rho_at_t - np.mean(rho_at_t))**2\n",
    "    VAR.append(var)\n",
    "VAR = np.vstack(VAR)\n",
    "E_var = np.mean(VAR, axis = 0)\n",
    "E_var\n"
   ]
  },
  {
   "cell_type": "code",
   "execution_count": 29,
   "metadata": {},
   "outputs": [
    {
     "data": {
      "text/plain": [
       "(22, 89)"
      ]
     },
     "execution_count": 29,
     "metadata": {},
     "output_type": "execute_result"
    }
   ],
   "source": [
    "rho.shape"
   ]
  },
  {
   "cell_type": "code",
   "execution_count": 30,
   "metadata": {},
   "outputs": [
    {
     "data": {
      "text/plain": [
       "array([[ 3.21712457e-04,  2.52215420e-04,  1.96023361e-04,\n",
       "         1.82029123e-04,  1.11588156e-04,  5.84419351e-05,\n",
       "         5.06997698e-06, -3.90271569e-05, -3.72208739e-05,\n",
       "        -6.40398776e-06, -7.04520739e-06, -3.41284160e-06,\n",
       "        -1.30175058e-05,  6.59713920e-06,  1.13536680e-06,\n",
       "        -1.30075956e-06,  1.87325165e-06,  3.67655235e-06,\n",
       "        -1.09948594e-06,  7.37210998e-06, -8.17146345e-07,\n",
       "        -8.73078936e-06],\n",
       "       [ 2.52215420e-04,  2.65358035e-04,  2.18832088e-04,\n",
       "         1.90171024e-04,  1.39033021e-04,  8.88708260e-05,\n",
       "         3.93107094e-05, -1.54464102e-05, -1.82351193e-05,\n",
       "         9.98396998e-06,  1.25396180e-05,  5.75871112e-07,\n",
       "        -8.06654509e-06,  4.78415913e-06,  4.26011613e-06,\n",
       "        -1.67951705e-06, -1.00692268e-05, -8.22662429e-06,\n",
       "        -1.22720439e-05, -8.30749903e-06, -1.15132280e-05,\n",
       "        -1.38981212e-05],\n",
       "       [ 1.96023361e-04,  2.18832088e-04,  2.46280948e-04,\n",
       "         2.15411392e-04,  1.70002669e-04,  1.28675716e-04,\n",
       "         8.49168696e-05,  3.16744046e-05,  2.63496344e-05,\n",
       "         2.60140913e-05,  1.64375429e-05,  1.56164497e-05,\n",
       "        -2.58842229e-06,  1.86620454e-06,  9.38550172e-06,\n",
       "        -4.08534378e-06, -1.55293575e-05, -9.20773749e-06,\n",
       "        -1.21722001e-05, -6.46619106e-06, -1.41547553e-05,\n",
       "        -1.99149827e-05],\n",
       "       [ 1.82029123e-04,  1.90171024e-04,  2.15411392e-04,\n",
       "         2.58104361e-04,  2.03172684e-04,  1.60506091e-04,\n",
       "         1.21663541e-04,  6.22593402e-05,  4.03955858e-05,\n",
       "         3.58246956e-05,  1.98260678e-05,  4.64854125e-06,\n",
       "        -8.48050531e-06, -3.87324628e-07,  1.42391261e-06,\n",
       "        -1.06047372e-05, -1.92017305e-05, -1.31204708e-05,\n",
       "        -2.27235814e-05, -1.06710854e-05, -1.42512916e-05,\n",
       "        -1.91949023e-05],\n",
       "       [ 1.11588156e-04,  1.39033021e-04,  1.70002669e-04,\n",
       "         2.03172684e-04,  2.27882539e-04,  1.87301664e-04,\n",
       "         1.67722889e-04,  9.02885178e-05,  6.80320191e-05,\n",
       "         4.74068137e-05,  3.43164627e-05,  1.30905313e-05,\n",
       "         6.23466513e-06,  1.29004309e-05,  2.92370210e-05,\n",
       "         1.09230146e-05, -1.79510621e-06,  7.81833953e-06,\n",
       "         6.81644509e-06,  1.36508337e-05,  1.87040982e-05,\n",
       "         8.53727410e-06],\n",
       "       [ 5.84419351e-05,  8.88708260e-05,  1.28675716e-04,\n",
       "         1.60506091e-04,  1.87301664e-04,  2.11329560e-04,\n",
       "         1.91797158e-04,  1.29411632e-04,  1.11390082e-04,\n",
       "         6.32205311e-05,  3.57141798e-05,  1.71795387e-05,\n",
       "         1.70494944e-05,  1.72162428e-05,  2.35540138e-05,\n",
       "         6.76926623e-06, -3.98549222e-07,  8.44452995e-06,\n",
       "         7.44863410e-06,  7.93396381e-06,  4.55830312e-06,\n",
       "        -6.84278067e-06],\n",
       "       [ 5.06997698e-06,  3.93107094e-05,  8.49168696e-05,\n",
       "         1.21663541e-04,  1.67722889e-04,  1.91797158e-04,\n",
       "         2.46897518e-04,  2.05552153e-04,  1.73457765e-04,\n",
       "         1.04927648e-04,  7.17336234e-05,  3.59554879e-05,\n",
       "         2.90797118e-05,  2.73999906e-05,  4.08950590e-05,\n",
       "         1.94589973e-05,  1.27781644e-05,  2.44563590e-05,\n",
       "         2.04837706e-05,  1.98585878e-05,  2.28977421e-05,\n",
       "         9.11897359e-06],\n",
       "       [-3.90271569e-05, -1.54464102e-05,  3.16744046e-05,\n",
       "         6.22593402e-05,  9.02885178e-05,  1.29411632e-04,\n",
       "         2.05552153e-04,  2.91680933e-04,  2.58011907e-04,\n",
       "         1.72158371e-04,  1.11595322e-04,  7.16444110e-05,\n",
       "         4.74959128e-05,  3.22983352e-05,  4.07149823e-05,\n",
       "         2.14482118e-05,  7.71973229e-07,  1.74897135e-05,\n",
       "         2.32585926e-05,  2.25562870e-05,  3.50947680e-05,\n",
       "         3.16644506e-05],\n",
       "       [-3.72208739e-05, -1.82351193e-05,  2.63496344e-05,\n",
       "         4.03955858e-05,  6.80320191e-05,  1.11390082e-04,\n",
       "         1.73457765e-04,  2.58011907e-04,  2.93136309e-04,\n",
       "         1.94613717e-04,  1.20081369e-04,  9.04071770e-05,\n",
       "         5.32315301e-05,  3.34941256e-05,  3.90940499e-05,\n",
       "         1.37566207e-05, -3.85143455e-06,  7.70714002e-06,\n",
       "         1.16428904e-05,  1.58582109e-05,  2.94154968e-05,\n",
       "         3.10543631e-05],\n",
       "       [-6.40398776e-06,  9.98396998e-06,  2.60140913e-05,\n",
       "         3.58246956e-05,  4.74068137e-05,  6.32205311e-05,\n",
       "         1.04927648e-04,  1.72158371e-04,  1.94613717e-04,\n",
       "         2.40972548e-04,  1.80563456e-04,  1.29444769e-04,\n",
       "         6.70417990e-05,  3.33120452e-05,  3.72122922e-05,\n",
       "         3.47830421e-05,  2.38212989e-05,  3.01384842e-05,\n",
       "         3.62390465e-05,  3.99272483e-05,  4.11433860e-05,\n",
       "         6.01833016e-05],\n",
       "       [-7.04520739e-06,  1.25396180e-05,  1.64375429e-05,\n",
       "         1.98260678e-05,  3.43164627e-05,  3.57141798e-05,\n",
       "         7.17336234e-05,  1.11595322e-04,  1.20081369e-04,\n",
       "         1.80563456e-04,  1.80818886e-04,  1.33504935e-04,\n",
       "         7.64556154e-05,  4.55395443e-05,  4.48767037e-05,\n",
       "         4.45010499e-05,  3.20377261e-05,  3.43923082e-05,\n",
       "         3.15858372e-05,  2.94296083e-05,  2.47044335e-05,\n",
       "         3.90077866e-05],\n",
       "       [-3.41284160e-06,  5.75871112e-07,  1.56164497e-05,\n",
       "         4.64854125e-06,  1.30905313e-05,  1.71795387e-05,\n",
       "         3.59554879e-05,  7.16444110e-05,  9.04071770e-05,\n",
       "         1.29444769e-04,  1.33504935e-04,  1.50709818e-04,\n",
       "         1.16103196e-04,  7.78228324e-05,  6.34699770e-05,\n",
       "         4.22670817e-05,  2.77070089e-05,  2.41086493e-05,\n",
       "         2.08016862e-05,  1.81303320e-05,  1.07619195e-05,\n",
       "         2.86062974e-05],\n",
       "       [-1.30175058e-05, -8.06654509e-06, -2.58842229e-06,\n",
       "        -8.48050531e-06,  6.23466513e-06,  1.70494944e-05,\n",
       "         2.90797118e-05,  4.74959128e-05,  5.32315301e-05,\n",
       "         6.70417990e-05,  7.64556154e-05,  1.16103196e-04,\n",
       "         1.49537687e-04,  1.21133097e-04,  1.02461019e-04,\n",
       "         6.40524179e-05,  5.01170111e-05,  4.73716347e-05,\n",
       "         4.54904391e-05,  2.93957680e-05,  3.17398780e-05,\n",
       "         3.86281046e-05],\n",
       "       [ 6.59713920e-06,  4.78415913e-06,  1.86620454e-06,\n",
       "        -3.87324628e-07,  1.29004309e-05,  1.72162428e-05,\n",
       "         2.73999906e-05,  3.22983352e-05,  3.34941256e-05,\n",
       "         3.33120452e-05,  4.55395443e-05,  7.78228324e-05,\n",
       "         1.21133097e-04,  1.56161685e-04,  1.44251198e-04,\n",
       "         9.14652500e-05,  8.51916446e-05,  8.29152452e-05,\n",
       "         7.80914954e-05,  5.85519487e-05,  6.28019439e-05,\n",
       "         6.37277090e-05],\n",
       "       [ 1.13536680e-06,  4.26011613e-06,  9.38550172e-06,\n",
       "         1.42391261e-06,  2.92370210e-05,  2.35540138e-05,\n",
       "         4.08950590e-05,  4.07149823e-05,  3.90940499e-05,\n",
       "         3.72122922e-05,  4.48767037e-05,  6.34699770e-05,\n",
       "         1.02461019e-04,  1.44251198e-04,  1.86057296e-04,\n",
       "         1.39827352e-04,  1.31165355e-04,  1.35023119e-04,\n",
       "         1.31356301e-04,  1.04836457e-04,  1.07108792e-04,\n",
       "         9.52231060e-05],\n",
       "       [-1.30075956e-06, -1.67951705e-06, -4.08534378e-06,\n",
       "        -1.06047372e-05,  1.09230146e-05,  6.76926623e-06,\n",
       "         1.94589973e-05,  2.14482118e-05,  1.37566207e-05,\n",
       "         3.47830421e-05,  4.45010499e-05,  4.22670817e-05,\n",
       "         6.40524179e-05,  9.14652500e-05,  1.39827352e-04,\n",
       "         1.56897723e-04,  1.54471618e-04,  1.50676813e-04,\n",
       "         1.50152924e-04,  1.16010261e-04,  1.08364296e-04,\n",
       "         1.09390661e-04],\n",
       "       [ 1.87325165e-06, -1.00692268e-05, -1.55293575e-05,\n",
       "        -1.92017305e-05, -1.79510621e-06, -3.98549222e-07,\n",
       "         1.27781644e-05,  7.71973229e-07, -3.85143455e-06,\n",
       "         2.38212989e-05,  3.20377261e-05,  2.77070089e-05,\n",
       "         5.01170111e-05,  8.51916446e-05,  1.31165355e-04,\n",
       "         1.54471618e-04,  1.89519698e-04,  1.89620276e-04,\n",
       "         1.91753853e-04,  1.59093322e-04,  1.45828003e-04,\n",
       "         1.51734017e-04],\n",
       "       [ 3.67655235e-06, -8.22662429e-06, -9.20773749e-06,\n",
       "        -1.31204708e-05,  7.81833953e-06,  8.44452995e-06,\n",
       "         2.44563590e-05,  1.74897135e-05,  7.70714002e-06,\n",
       "         3.01384842e-05,  3.43923082e-05,  2.41086493e-05,\n",
       "         4.73716347e-05,  8.29152452e-05,  1.35023119e-04,\n",
       "         1.50676813e-04,  1.89620276e-04,  2.18577699e-04,\n",
       "         2.31901557e-04,  1.97174901e-04,  1.80885741e-04,\n",
       "         1.75806774e-04],\n",
       "       [-1.09948594e-06, -1.22720439e-05, -1.21722001e-05,\n",
       "        -2.27235814e-05,  6.81644509e-06,  7.44863410e-06,\n",
       "         2.04837706e-05,  2.32585926e-05,  1.16428904e-05,\n",
       "         3.62390465e-05,  3.15858372e-05,  2.08016862e-05,\n",
       "         4.54904391e-05,  7.80914954e-05,  1.31356301e-04,\n",
       "         1.50152924e-04,  1.91753853e-04,  2.31901557e-04,\n",
       "         2.74109700e-04,  2.35595806e-04,  2.17519169e-04,\n",
       "         2.11504191e-04],\n",
       "       [ 7.37210998e-06, -8.30749903e-06, -6.46619106e-06,\n",
       "        -1.06710854e-05,  1.36508337e-05,  7.93396381e-06,\n",
       "         1.98585878e-05,  2.25562870e-05,  1.58582109e-05,\n",
       "         3.99272483e-05,  2.94296083e-05,  1.81303320e-05,\n",
       "         2.93957680e-05,  5.85519487e-05,  1.04836457e-04,\n",
       "         1.16010261e-04,  1.59093322e-04,  1.97174901e-04,\n",
       "         2.35595806e-04,  2.23214994e-04,  2.12338992e-04,\n",
       "         2.08587412e-04],\n",
       "       [-8.17146345e-07, -1.15132280e-05, -1.41547553e-05,\n",
       "        -1.42512916e-05,  1.87040982e-05,  4.55830312e-06,\n",
       "         2.28977421e-05,  3.50947680e-05,  2.94154968e-05,\n",
       "         4.11433860e-05,  2.47044335e-05,  1.07619195e-05,\n",
       "         3.17398780e-05,  6.28019439e-05,  1.07108792e-04,\n",
       "         1.08364296e-04,  1.45828003e-04,  1.80885741e-04,\n",
       "         2.17519169e-04,  2.12338992e-04,  2.33661240e-04,\n",
       "         2.37663730e-04],\n",
       "       [-8.73078936e-06, -1.38981212e-05, -1.99149827e-05,\n",
       "        -1.91949023e-05,  8.53727410e-06, -6.84278067e-06,\n",
       "         9.11897359e-06,  3.16644506e-05,  3.10543631e-05,\n",
       "         6.01833016e-05,  3.90077866e-05,  2.86062974e-05,\n",
       "         3.86281046e-05,  6.37277090e-05,  9.52231060e-05,\n",
       "         1.09390661e-04,  1.51734017e-04,  1.75806774e-04,\n",
       "         2.11504191e-04,  2.08587412e-04,  2.37663730e-04,\n",
       "         2.97935184e-04]])"
      ]
     },
     "execution_count": 30,
     "metadata": {},
     "output_type": "execute_result"
    }
   ],
   "source": [
    "np.cov(rho)"
   ]
  },
  {
   "cell_type": "code",
   "execution_count": 17,
   "metadata": {},
   "outputs": [
    {
     "ename": "SyntaxError",
     "evalue": "invalid syntax (<ipython-input-17-4a37bc92d00d>, line 7)",
     "output_type": "error",
     "traceback": [
      "\u001b[0;36m  File \u001b[0;32m\"<ipython-input-17-4a37bc92d00d>\"\u001b[0;36m, line \u001b[0;32m7\u001b[0m\n\u001b[0;31m    for m in\u001b[0m\n\u001b[0m             ^\u001b[0m\n\u001b[0;31mSyntaxError\u001b[0m\u001b[0;31m:\u001b[0m invalid syntax\n"
     ]
    }
   ],
   "source": [
    "def cov_matrix(diag, scale, level, dim):\n",
    "    M = np.eye(dim) * diag\n",
    "    if level <= 1:\n",
    "        return M\n",
    "    for i in range(level):\n",
    "        diag = diag * scale\n",
    "        for m in \n",
    "    "
   ]
  },
  {
   "cell_type": "code",
   "execution_count": 36,
   "metadata": {},
   "outputs": [
    {
     "data": {
      "text/plain": [
       "(22, 89)"
      ]
     },
     "execution_count": 36,
     "metadata": {},
     "output_type": "execute_result"
    }
   ],
   "source": [
    "rho.shape"
   ]
  },
  {
   "cell_type": "code",
   "execution_count": 46,
   "metadata": {},
   "outputs": [
    {
     "data": {
      "text/plain": [
       "1"
      ]
     },
     "execution_count": 46,
     "metadata": {},
     "output_type": "execute_result"
    }
   ],
   "source": [
    "int(i/10)+1"
   ]
  },
  {
   "cell_type": "code",
   "execution_count": 44,
   "metadata": {},
   "outputs": [
    {
     "ename": "IndexError",
     "evalue": "only integers, slices (`:`), ellipsis (`...`), numpy.newaxis (`None`) and integer or boolean arrays are valid indices",
     "output_type": "error",
     "traceback": [
      "\u001b[0;31m---------------------------------------------------------------------------\u001b[0m",
      "\u001b[0;31mIndexError\u001b[0m                                Traceback (most recent call last)",
      "\u001b[0;32m<ipython-input-44-7da08a00941c>\u001b[0m in \u001b[0;36m<module>\u001b[0;34m()\u001b[0m\n\u001b[0;32m----> 1\u001b[0;31m \u001b[0mrho\u001b[0m\u001b[0;34m[\u001b[0m\u001b[0;36m0\u001b[0m\u001b[0;34m,\u001b[0m\u001b[0mi\u001b[0m\u001b[0;34m/\u001b[0m\u001b[0;36m10\u001b[0m\u001b[0;34m+\u001b[0m\u001b[0;36m1\u001b[0m\u001b[0;34m]\u001b[0m\u001b[0;34m\u001b[0m\u001b[0m\n\u001b[0m",
      "\u001b[0;31mIndexError\u001b[0m: only integers, slices (`:`), ellipsis (`...`), numpy.newaxis (`None`) and integer or boolean arrays are valid indices"
     ]
    }
   ],
   "source": [
    "rho[0,i/10+1]"
   ]
  },
  {
   "cell_type": "code",
   "execution_count": 49,
   "metadata": {},
   "outputs": [],
   "source": [
    "dt = (data['t'][1] - data['t'][0])/10"
   ]
  },
  {
   "cell_type": "code",
   "execution_count": 37,
   "metadata": {},
   "outputs": [
    {
     "ename": "TypeError",
     "evalue": "dq_of() missing 1 required positional argument: 'para'",
     "output_type": "error",
     "traceback": [
      "\u001b[0;31m---------------------------------------------------------------------------\u001b[0m",
      "\u001b[0;31mTypeError\u001b[0m                                 Traceback (most recent call last)",
      "\u001b[0;32m<ipython-input-37-8e2c1e0af25d>\u001b[0m in \u001b[0;36m<module>\u001b[0;34m()\u001b[0m\n\u001b[1;32m      8\u001b[0m \u001b[0mP\u001b[0m \u001b[0;34m=\u001b[0m \u001b[0;34m[\u001b[0m\u001b[0;34m]\u001b[0m\u001b[0;34m\u001b[0m\u001b[0m\n\u001b[1;32m      9\u001b[0m \u001b[0;32mfor\u001b[0m \u001b[0mi\u001b[0m \u001b[0;32min\u001b[0m \u001b[0mrange\u001b[0m\u001b[0;34m(\u001b[0m \u001b[0mrho\u001b[0m\u001b[0;34m.\u001b[0m\u001b[0mshape\u001b[0m\u001b[0;34m[\u001b[0m\u001b[0;36m1\u001b[0m\u001b[0;34m]\u001b[0m\u001b[0;34m-\u001b[0m\u001b[0;36m1\u001b[0m \u001b[0;34m)\u001b[0m\u001b[0;34m:\u001b[0m\u001b[0;34m\u001b[0m\u001b[0m\n\u001b[0;32m---> 10\u001b[0;31m     \u001b[0mlwrefk\u001b[0m\u001b[0;34m.\u001b[0m\u001b[0mpredict\u001b[0m\u001b[0;34m(\u001b[0m\u001b[0mFjacobian\u001b[0m\u001b[0;34m,\u001b[0m \u001b[0mf_at\u001b[0m\u001b[0;34m)\u001b[0m\u001b[0;34m\u001b[0m\u001b[0m\n\u001b[0m\u001b[1;32m     11\u001b[0m     \u001b[0mX_pri\u001b[0m\u001b[0;34m.\u001b[0m\u001b[0mappend\u001b[0m\u001b[0;34m(\u001b[0m\u001b[0mlwrefk\u001b[0m\u001b[0;34m.\u001b[0m\u001b[0mx_prior\u001b[0m\u001b[0;34m)\u001b[0m\u001b[0;34m\u001b[0m\u001b[0m\n\u001b[1;32m     12\u001b[0m \u001b[0;34m\u001b[0m\u001b[0m\n",
      "\u001b[0;32m<ipython-input-27-71835fc2374d>\u001b[0m in \u001b[0;36mpredict\u001b[0;34m(self, FJacobian, f_at)\u001b[0m\n\u001b[1;32m     11\u001b[0m \u001b[0;34m\u001b[0m\u001b[0m\n\u001b[1;32m     12\u001b[0m     \u001b[0;32mdef\u001b[0m \u001b[0mpredict\u001b[0m\u001b[0;34m(\u001b[0m\u001b[0mself\u001b[0m\u001b[0;34m,\u001b[0m \u001b[0mFJacobian\u001b[0m\u001b[0;34m,\u001b[0m \u001b[0mf_at\u001b[0m\u001b[0;34m)\u001b[0m\u001b[0;34m:\u001b[0m\u001b[0;34m\u001b[0m\u001b[0m\n\u001b[0;32m---> 13\u001b[0;31m         \u001b[0mself\u001b[0m\u001b[0;34m.\u001b[0m\u001b[0mF\u001b[0m \u001b[0;34m=\u001b[0m \u001b[0mFJacobian\u001b[0m\u001b[0;34m(\u001b[0m\u001b[0mself\u001b[0m\u001b[0;34m.\u001b[0m\u001b[0mx\u001b[0m\u001b[0;34m)\u001b[0m\u001b[0;34m\u001b[0m\u001b[0m\n\u001b[0m\u001b[1;32m     14\u001b[0m         \u001b[0mself\u001b[0m\u001b[0;34m.\u001b[0m\u001b[0mpredict_x\u001b[0m\u001b[0;34m(\u001b[0m\u001b[0mf_at\u001b[0m\u001b[0;34m)\u001b[0m\u001b[0;34m\u001b[0m\u001b[0m\n\u001b[1;32m     15\u001b[0m \u001b[0;34m\u001b[0m\u001b[0m\n",
      "\u001b[0;32m<ipython-input-25-50c22b2738e5>\u001b[0m in \u001b[0;36mFjacobian\u001b[0;34m(x)\u001b[0m\n\u001b[1;32m      6\u001b[0m \u001b[0;32mdef\u001b[0m \u001b[0mFjacobian\u001b[0m\u001b[0;34m(\u001b[0m\u001b[0mx\u001b[0m\u001b[0;34m)\u001b[0m\u001b[0;34m:\u001b[0m\u001b[0;34m\u001b[0m\u001b[0m\n\u001b[1;32m      7\u001b[0m     \u001b[0mF\u001b[0m \u001b[0;34m=\u001b[0m \u001b[0mnp\u001b[0m\u001b[0;34m.\u001b[0m\u001b[0mzeros\u001b[0m\u001b[0;34m(\u001b[0m\u001b[0;34m(\u001b[0m\u001b[0mlen\u001b[0m\u001b[0;34m(\u001b[0m\u001b[0mx\u001b[0m\u001b[0;34m)\u001b[0m\u001b[0;34m,\u001b[0m \u001b[0mlen\u001b[0m\u001b[0;34m(\u001b[0m\u001b[0mx\u001b[0m\u001b[0;34m)\u001b[0m\u001b[0;34m)\u001b[0m\u001b[0;34m)\u001b[0m\u001b[0;34m\u001b[0m\u001b[0m\n\u001b[0;32m----> 8\u001b[0;31m     \u001b[0mF\u001b[0m\u001b[0;34m[\u001b[0m\u001b[0;36m0\u001b[0m\u001b[0;34m,\u001b[0m \u001b[0;36m0\u001b[0m\u001b[0;34m]\u001b[0m \u001b[0;34m=\u001b[0m \u001b[0mpartial_l\u001b[0m\u001b[0;34m(\u001b[0m\u001b[0mx\u001b[0m\u001b[0;34m[\u001b[0m\u001b[0;36m0\u001b[0m\u001b[0;34m]\u001b[0m\u001b[0;34m)\u001b[0m\u001b[0;34m\u001b[0m\u001b[0m\n\u001b[0m\u001b[1;32m      9\u001b[0m     \u001b[0mF\u001b[0m\u001b[0;34m[\u001b[0m\u001b[0;36m0\u001b[0m\u001b[0;34m,\u001b[0m \u001b[0;36m1\u001b[0m\u001b[0;34m]\u001b[0m \u001b[0;34m=\u001b[0m \u001b[0mpartial_r\u001b[0m\u001b[0;34m(\u001b[0m\u001b[0mx\u001b[0m\u001b[0;34m[\u001b[0m\u001b[0;36m1\u001b[0m\u001b[0;34m]\u001b[0m\u001b[0;34m)\u001b[0m\u001b[0;34m\u001b[0m\u001b[0m\n\u001b[1;32m     10\u001b[0m \u001b[0;34m\u001b[0m\u001b[0m\n",
      "\u001b[0;32m<ipython-input-25-50c22b2738e5>\u001b[0m in \u001b[0;36mpartial_l\u001b[0;34m(x_i)\u001b[0m\n\u001b[1;32m      2\u001b[0m     \u001b[0;32mreturn\u001b[0m \u001b[0;36m1\u001b[0m\u001b[0;34m/\u001b[0m\u001b[0;36m2\u001b[0m \u001b[0;34m+\u001b[0m \u001b[0mdt\u001b[0m\u001b[0;34m/\u001b[0m\u001b[0mdx\u001b[0m\u001b[0;34m/\u001b[0m\u001b[0;36m2\u001b[0m\u001b[0;34m*\u001b[0m\u001b[0mdq_of\u001b[0m\u001b[0;34m(\u001b[0m\u001b[0mx_i\u001b[0m\u001b[0;34m)\u001b[0m\u001b[0;34m\u001b[0m\u001b[0m\n\u001b[1;32m      3\u001b[0m \u001b[0;32mdef\u001b[0m \u001b[0mpartial_l\u001b[0m\u001b[0;34m(\u001b[0m\u001b[0mx_i\u001b[0m\u001b[0;34m)\u001b[0m\u001b[0;34m:\u001b[0m\u001b[0;34m\u001b[0m\u001b[0m\n\u001b[0;32m----> 4\u001b[0;31m     \u001b[0;32mreturn\u001b[0m \u001b[0;36m1\u001b[0m\u001b[0;34m/\u001b[0m\u001b[0;36m2\u001b[0m \u001b[0;34m-\u001b[0m \u001b[0mdt\u001b[0m\u001b[0;34m/\u001b[0m\u001b[0mdx\u001b[0m\u001b[0;34m/\u001b[0m\u001b[0;36m2\u001b[0m\u001b[0;34m*\u001b[0m\u001b[0mdq_of\u001b[0m\u001b[0;34m(\u001b[0m\u001b[0mx_i\u001b[0m\u001b[0;34m)\u001b[0m\u001b[0;34m\u001b[0m\u001b[0m\n\u001b[0m\u001b[1;32m      5\u001b[0m \u001b[0;34m\u001b[0m\u001b[0m\n\u001b[1;32m      6\u001b[0m \u001b[0;32mdef\u001b[0m \u001b[0mFjacobian\u001b[0m\u001b[0;34m(\u001b[0m\u001b[0mx\u001b[0m\u001b[0;34m)\u001b[0m\u001b[0;34m:\u001b[0m\u001b[0;34m\u001b[0m\u001b[0m\n",
      "\u001b[0;31mTypeError\u001b[0m: dq_of() missing 1 required positional argument: 'para'"
     ]
    }
   ],
   "source": [
    "lwrefk = LWREKF(N,len(loops),2, 5)\n",
    "lwrefk.x = np.ones(rho.shape[0])*0.03\n",
    "lwrefk.P = np.cov(rho)\n",
    "X_pri = [lwrefk.x]\n",
    "X_pos = [lwrefk.x]\n",
    "Obs = []\n",
    "K = []\n",
    "P = []\n",
    "for i in range( rho.shape[1]-1 ):\n",
    "    lwrefk.predict(Fjacobian, f_at)\n",
    "    X_pri.append(lwrefk.x_prior)\n",
    "    \n",
    "    \n",
    "    if i%1 == 0:\n",
    "        observe = [rho[k,i+1] for k in loops]\n",
    "        Obs.append(observe)\n",
    "        lwrefk.update(observe, Hjacobian, h_at)\n",
    "        lwrefk.x = neibour_avg(lwrefk.x)\n",
    "        lwrefk.x_post = lwrefk.x\n",
    "        \n",
    "    else:\n",
    "        #X_pos.append(lwrefk.x_prior)\n",
    "        pass\n",
    "    K.append(lwrefk.K)\n",
    "    P.append(lwrefk.P)\n",
    "    X_pos.append(lwrefk.x_post)\n",
    "X_pos = np.vstack(X_pos).T\n",
    "X_pri = np.vstack(X_pri).T"
   ]
  },
  {
   "cell_type": "code",
   "execution_count": 55,
   "metadata": {},
   "outputs": [
    {
     "data": {
      "text/plain": [
       "-890"
      ]
     },
     "execution_count": 55,
     "metadata": {},
     "output_type": "execute_result"
    }
   ],
   "source": [
    "(rho.shape[1]*-1)*10"
   ]
  },
  {
   "cell_type": "code",
   "execution_count": 54,
   "metadata": {},
   "outputs": [
    {
     "data": {
      "text/plain": [
       "(22, 1)"
      ]
     },
     "execution_count": 54,
     "metadata": {},
